726998
468063
298638
987849
979420
922872
636724
403948
986118
837268
591987
408922
580391
384029
880497
585655
890016
252700
762949
738781
760051
375139
837481
881332
444433
799901
838950
170463
488864
868285
865765
932352
295601
760712
808920
403919
347016
706147
266540
913884
925758
597146
606764
648016
857326
573115
384973
647133
875860
902379
336946
690606
439827
253605
421384
636615
397300
176270
481547
726026
993646
665709
749162
325598
697612
519039
396129
597186
363417
764524
397587
735421
311099
311560
656615
914895
575296
851254
678140
143529
583713
295710
734994
877806
384516
119166
974752
195961
971346
247381
259910
275837
961325
428262
959161
426316
541820
433410
664992
997453
615139
174612
175073
835591
413451
448196
612364
775939
325799
405046
523800
129383
294946
274747
694652
958951
308536
985256
813303
239092
537139
360896
330513
353373
112789
856560
103011
287504
108304
629091
626646
193531
314627
156464
698776
405132
900574
827240
245058
872997
998138
174966
296670
664149
330134
394361
246808
602538
175756
807044
895046
415879
295421
102236
478635
844236
473540
795812
811312
227909
933837
534422
143297
653025
271458
705601
296034
271398
945413
807455
894973
260861
178312
906234
793520
993387
189291
211307
196261
980930
757508
860103
419341
762482
167981
539987
537313
805673
534630
933284
630665
925575
997165
845278
682492
445335
298703
390472
190304
707292
842983
279962
976032
747647
664442
777112
442125
770407
970724
731756
232689
756318
957696
379038
491728
417490
260150
928416
620679
562198
296505
748861
977929
982878
790978
732065
722954
655922
710183
227372
568056
893686
663581
745904
968944
188117
382779
479924
699588
980640
837059
614743
813984
180893
192134
543583
735770
774301
619403
918115
655959
704148
534869
667712
926018
777660
872499
398247
320839
183607
342982
478126
138370
153405
325705
305792
914089
359107
756182
421041
723414
278919
154600
298754
208392
177357
870019
755728
120595
844674
774211
653696
727965
410477
478274
425838
971065
301890
191311
775506
934188
990323
539809
493874
249997
167059
426552
393572
555109
651675
864151
125108
425619
808467
590386
947170
548900
384271
604662
445823
135939
877670
969009
514604
867085
545047
179239
202635
504421
282118
488228
764036
943886
540047
366456
471136
855017
479586
878923
399388
137148
544655
747042
621135
502366
758412
198429
402956
205641
587826
273653
245761
885068
120277
946857
610012
439126
900625
749652
726691
322481
984198
159835
599504
391006
512087
822207
573256
702281
150125
585843
153245
778385
541398
120658
386783
229461
116084
322909
302227
772769
181731
493498
228699
175586
541027
860223
778599
703178
470552
329862
737615
338162
471857
359767
388199
738743
971459
481387
696280
160755
199930
108756
125211
787772
445989
472604
281944
711145
566603
259726
113167
309572
851841
345190
939948
969785
209598
106379
142558
116611
737959
533516
568106
476990
326449
656500
796932
453658
932782
502780
853655
545437
554675
535082
615535
897485
951336
616253
457034
948656
695653
910578
233978
824915
267155
771660
717201
629854
560607
367370
552615
335709
309307
477725
480066
817504
940128
633379
916171
924610
707264
381580
378301
567685
507114
765541
556211
417091
424294
675184
138545
118637
315710
644165
866948
965906
962300
992335
447418
207137
376575
872773
882072
980642
983984
863956
292663
153462
697676
843564
686916
329969
872717
102337
849841
746040
726666
806564
910939
193740
880579
845095
648748
808703
517873
132573
283911
981858
929969
311075
155046
396424
431465
628530
767647
215980
308503
589863
303564
435524
850021
637752
580297
889001
930061
603273
682539
592178
903007
954369
846458
309621
336546
632762
464368
336247
584663
185306
989480
278696
357704
422752
625245
222850
684161
933353
401428
921461
162199
865712
502478
178749
643803
635495
811577
954135
542902
994472
161577
516648
988193
921643
600477
321890
885110
759238
320917
694512
336966
946839
330567
253359
185930
517676
788230
886698
650494
907260
843714
651099
462423
482625
865773
596819
460578
674170
918180
468479
375747
947008
889872
620446
661369
161522
714399
985983
756617
314999
427459
804111
991242
780155
637543
323874
169797
612474
267230
278802
472067
346262
974124
246677
685814
597982
455522
884982
604373
847871
156912
663778
252742
640568
715892
881182
853151
534013
798391
555865
267242
485520
938780
613830
703098
763565
473750
578122
449623
846897
495055
272981
854262
547824
299039
837761
159667
433927
999419
401577
956257
763285
424794
699910
268926
489391
727988
720618
381026
636620
891917
605038
305161
614526
709268
344311
374468
638931
791183
589924
115115
964399
226218
360149
123014
343721
672348
813518
202480
941608
967550
200283
921863
176170
424457
142452
364502
721492
133500
985645
517337
492663
213138
959724
387616
986347
907962
319166
287782
630884
257876
289514
700376
250454
964271
397331
145743
804006
300226
197989
973759
940816
201417
821212
620108
787315
458675
705160
587011
765254
728635
750509
637304
282795
622091
909626
622337
511873
509105
385920
429424
194828
704174
308065
125634
229872
206025
975563
148788
672416
574497
485059
317544
262559
334156
257001
338260
824074
964691
600108
387416
796159
856011
976711
126484
947448
261177
987245
187614
971746
478744
284068
784437
939643
399454
543226
215511
282691
837562
356486
786488
298698
373775
340898
406882
628690
484720
385238
640132
246325
378916
179537
433669
240158
348481
145063
917341
476196
619707
493958
508364
681313
363603
694902
984828
586087
695679
927485
113569
714936
133806
344403
349441
276942
805279
665658
414980
492095
320309
411771
635775
188986
834323
118271
326167
217602
486172
232388
265487
914304
191730
909968
590810
516324
815453
802588
660980
969384
243515
334874
512902
184019
461212
637942
489029
291885
697076
713350
334779
756497
705203
425721
236652
977687
467196
987061
707120
901801
698482
466878
826337
657346
750808
507678
911598
398359
973249
815425
593601
456119
922841
930184
755091
664053
774014
616524
556628
962109
588899
427957
244409
847839
560836
109408
915836
229458
339887
370847
668993
244684
531214
402532
359485
723860
585861
110543
439805
248403
875938
391755
254027
875987
176796
828401
699676
259364
220912
648869
502442
328302
122871
906662
600996
399688
316187
180730
127203
513102
135419
527824
824922
926088
789638
915903
413700
248948
242251
448830
746159
225924
132181
989162
654133
316303
165364
923132
736007
732997
631618
381578
138417
332856
980447
566491
517954
545323
833241
696058
780790
524646
977610
382535
199776
155588
748640
860737
632832
872630
978602
442362
128947
560698
385699
319711
506102
822643
802680
634786
179719
287093
242849
563563
138948
218668
894629
371535
656838
608535
791282
784885
940061
782100
752099
670988
367663
494619
690609
598771
993447
504238
705744
907882
768662
893416
682365
187299
669401
495376
146538
486091
834382
590205
908470
479199
297540
307442
604429
688183
989954
395170
585424
147546
964520
628684
203966
487079
736094
430132
808396
228617
161737
573762
696725
388162
201072
775576
498353
299041
235822
997312
650925
299900
225040
524671
624494
759086
998862
575167
256282
348043
372635
585258
530210
776028
277113
388739
264248
241215
653910
717109
604031
706332
748525
155052
840164
583514
849425
864198
287917
764151
417953
767209
396271
404755
319496
299090
716395
594319
470679
889180
596045
821156
653244
721642
638441
314382
184912
173470
141602
633815
584366
899328
450272
554540
724236
891327
758980
608750
562509
771549
659804
242239
566232
321946
251635
794765
117220
623213
166103
852115
875596
867106
967261
650902
900303
452480
937558
257681
605681
368474
497523
831469
829212
872265
410395
112568
119797
422017
393626
226703
604458
591398
529190
657473
981685
408912
809261
215150
512963
388364
657109
499745
102072
954301
552046
415724
657344
651375
115070
445863
241731
259492
566399
659227
615490
995320
812953
714695
268859
334989
272745
308720
490814
550833
299717
193282
646263
369596
931993
110397
798595
987830
754438
180464
135276
879698
940137
491716
668643
692511
540439
992371
218150
446512
397687
803646
177664
836126
777135
769113
440082
772727
682636
158036
739040
188865
289178
931378
323803
628018
520286
947942
859657
477029
524800
836379
217368
674798
217499
111453
464557
530487
121972
302292
992142
188774
929356
904564
306580
992236
320542
253575
844546
456492
429444
579187
746768
828781
307930
920216
792572
328722
464683
385427
223479
454639
207119
585238
219692
662860
756915
943218
906618
192581
683687
992052
320963
944239
807826
915770
653647
832497
647611
865258
918610
334226
478786
968603
718242
624426
576597
543138
658126
771962
241584
674775
201268
379729
979261
737577
305864
403337
161101
959028
126155
123356
780027
591061
314466
622937
111248
198479
279079
592141
702618
599321
989326
337201
397903
827395
579153
372653
987147
403711
887115
250529
939991
478145
535454
853881
822895
907985
377650
974996
366025
976222
248453
556368
171077
818807
819652
418340
668185
696584
930355
176877
602665
135726
688446
650908
106522
908093
500921
728530
531844
921734
637814
191467
775427
624264
629142
700911
133013
381788
838322
642864
474690
348355
117761
610861
459659
189826
379886
755548
987715
154374
958378
557188
655694
745622
318443
853672
546847
911455
328911
897772
540994
744941
970112
776282
220259
279316
823390
152044
193593
926120
996644
527626
926263
725113
577663
764002
519066
699126
870269
909113
102461
816232
559113
909769
344583
801860
168496
354690
379281
280331
632866
591324
894729
902166
611080
670147
845661
716012
664965
220949
869820
677959
418204
285976
744133
901819
294622
517127
621090
772984
503390
561261
656020
812511
321283
781971
690415
230851
750104
298119
716642
617718
868024
311202
950208
224073
340158
928472
584153
293498
262848
389255
339883
669458
686818
768929
647385
721678
636719
521212
799356
976162
509975
490152
118678
831795
606993
413372
874312
781618
325577
108825
856793
743124
664101
922024
875991
923860
100468
719868
536291
644586
176656
861558
496079
400803
283955
327606
590286
918801
311158
718813
141278
985908
192515
915637
291278
728886
506762
557161
600194
877521
374611
397183
254196
813981
290709
615613
931967
172227
388250
732686
765365
662725
260629
249533
653231
813709
444067
515608
747657
154225
287699
905450
533739
380849
951586
731435
978989
808276
273026
668822
480569
484565
909207
945960
670490
664594
293831
359828
580440
637256
494005
949075
651618
155687
474748
835821
354540
698490
121166
591705
904884
689863
940547
757357
106986
747333
704285
372110
451565
484692
328429
248046
729732
407144
142790
817518
141016
457850
495903
431627
232862
284676
649558
195818
817585
877974
967823
642632
685151
544592
541182
267938
265240
322378
641695
597181
133833
286122
233930
603623
819940
281903
676653
136914
627790
741468
759387
819237
254591
396042
298198
893193
921038
715090
987724
193718
796261
583881
709659
362529
655119
637727
783683
513970
684101
405700
986005
373317
417054
740346
644478
885255
437434
698880
575011
739560
970169
794627
281470
661320
322230
770443
478565
807409
840455
624571
460366
739326
116034
884385
499230
947431
327454
296730
571094
909743
813367
653663
491070
236892
587774
483303
621180
347451
987112
943982
108588
351123
448334
338786
422215
579767
250104
160325
491205
424782
586208
138579
770182
588605
330924
344290
644702
491201
287624
314559
464003
246418
777239
511282
789196
515757
216832
701792
919952
719802
671123
220775
219481
448606
223042
537692
467135
382650
785748
629831
802609
832357
906136
190809
547965
171260
811115
563722
286507
283994
185704
146850
392560
250959
854333
495812
762107
440711
221298
579589
286735
540404
168524
529892
526190
677687
673808
592950
919589
640835
522570
425880
856223
163084
388418
997843
283811
537481
306586
740506
540849
331171
718813
920129
939984
526318
245499
483160
896972
572505
870368
719353
140446
641266
699967
481959
471717
448221
912062
383909
710643
747134
110754
652796
861995
908501
583051
792623
848048
733048
912635
381233
831289
394541
445983
725571
988199
725231
645420
504589
433193
925215
422247
512767
195750
244986
531929
520905
476327
730707
172610
137966
832552
318919
151319
237247
594555
378558
159604
403253
813092
549541
978889
508067
853389
431228
140003
157572
306850
914404
952754
768916
266376
313833
634624
210087
862245
764327
835054
415002
637030
592233
544207
542637
138197
656893
878055
890653
235151
561585
682546
991661
123267
863950
683028
834484
451571
455878
307842
589194
920403
775642
416920
376981
907516
106605
344093
982020
387161
818751
583765
383349
672254
677842
677178
220813
368983
885300
578087
945849
761677
286189
758108
569555
366808
332771
735823
647799
207941
872524
666924
821608
547327
261749
686240
537490
539166
891788
473543
402228
552879
249600
707436
364560
684692
396524
137912
250458
201364
876369
523592
641007
362579
334471
430522
668928
896989
309306
999957
440725
440125
450612
162141
108459
959592
820779
693477
191338
737872
354944
745618
149739
557731
991450
757075
424000
229736
116850
543984
162331
582149
112152
914971
760361
664169
162306
461655
976371
703883
586576
729909
441053
897637
389993
484787
455030
875953
386575
608407
550988
547458
231401
660919
294373
178549
741916
377431
368961
378061
416306
446944
619570
308487
301907
647780
121897
326911
286310
267756
876271
128783
263713
535620
159042
662572
282088
645827
376964
172219
821410
348006
406257
174017
899770
507574
222856
623641
944957
280545
616924
790478
419023
160001
751124
355472
979519
662560
361349
384651
780935
726963
313270
424984
564329
276760
324608
671068
723129
606345
323500
597044
540746
796631
271911
392861
654826
907747
981145
564966
125090
904786
974275
730132
624321
627262
389992
758197
798158
333847
894299
266887
143919
690823
708362
260805
114264
420000
180863
242570
225996
721726
979676
632400
477539
620263
121898
285445
341698
525507
135612
667890
131948
190436
103177
403447
379466
635296
273775
471989
266517
339123
310299
855025
139124
487868
715932
366786
114202
791927
262722
671675
592470
222504
670687
936692
159540
747331
738148
612183
678767
442744
884211
905221
673231
346500
920206
907583
179017
957364
363659
397112
251103
408102
256465
838897
937948
970944
237646
224296
471767
968167
323636
330232
658091
391781
179136
658837
593450
606986
874436
318570
627072
292218
677373
578598
118162
531995
147788
998769
641758
783046
615501
359670
909172
410315
290579
531864
833216
251066
774694
495461
154898
753551
748616
164464
146158
633436
505765
188430
904331
702314
785276
599768
320825
371010
956974
270152
725212
811630
293829
507665
278581
726548
665399
919959
752531
911108
576403
867570
233947
646688
717759
579683
900656
103564
592887
209166
421535
291228
747556
490388
533515
925331
991705
861686
127456
929855
269679
651398
530075
277475
640022
345589
535443
253367
819450
669846
836004
702968
535919
289777
704333
865837
155588
302868
627824
934558
346488
140823
996206
885359
573329
989146
473251
443354
635488
512340
355060
282089
440009
838604
912523
947565
750341
518898
273452
806883
933053
137391
320058
453024
177606
338173
472740
166417
565336
627566
935981
779073
209565
212383
963653
673703
432233
173870
440814
848603
314213
129623
703143
103025
789623
918447
627049
143762
173627
654229
429943
576161
451360
594850
825392
774034
697577
261146
931171
646698
198296
458475
171789
818154
889922
439426
470406
535153
776021
347803
450831
122296
952158
995137
808955
542399
236430
489257
861986
551683
297671
233405
916390
781890
228035
877418
928822
811151
868262
924854
277506
168116
334396
958935
339338
140545
894322
919874
304359
474939
743716
115871
711652
809045
581983
710956
267219
462110
440826
385371
109941
395756
464834
713099
871322
977486
152557
293473
565665
509076
367842
325480
936678
913958
901700
790706
891181
139535
128484
823932
800078
498240
487305
695739
859568
348497
248276
929688
228897
718079
655068
552399
821817
902419
197148
569528
234860
857687
397970
483390
919520
864016
407791
560109
266227
572411
749948
991124
124751
787727
816160
672214
648486
340911
630260
958545
238382
568630
606691
553112
383354
242287
589382
541871
192611
696828
881859
102001
918566
514738
996287
189513
817934
713998
336010
260202
302616
859865
808908
662762
726949
925990
152633
843169
513537
651974
393055
568594
855131
328040
341064
158796
898002
746434
536899
280904
625630
416464
920337
359655
499614
533907
944314
163895
643813
427514
284151
563053
938469
633126
859299
299291
554613
352749
813506
129599
259453
496919
695758
442381
475195
741281
215707
699807
155035
397471
252087
478000
734021
681729
582338
767034
523602
838686
659761
577786
250999
339620
977161
375171
236555
536096
210549
227193
121938
590971
194680
856588
757598
216975
151107
311278
154453
861029
670871
853609
446606
606157
531448
470096
962130
753438
454517
114357
631413
165292
469099
286970
773265
962653
964869
491058
620289
963200
188175
568211
590074
936299
773734
640142
750102
317116
736260
802845
764828
534353
593053
179229
672296
815100
656522
548045
568766
361467
527397
631450
122453
730335
348304
819047
103506
127565
866140
665666
648945
392518
261164
527668
846824
207132
485238
377478
985621
350870
492814
230938
195515
795940
774643
274024
697636
226340
550421
344775
708835
352311
252722
645495
520391
973936
700616
361259
669860
547911
375167
994787
235642
388255
243690
163678
213820
332216
787078
427404
717388
213648
209334
346066
198306
716978
876720
287696
340989
652712
506764
336052
623602
796875
865793
581836
659454
268502
329770
143928
699220
514654
525304
317886
969495
969748
578930
601605
843437
880738
632852
894557
126894
308669
302000
838428
396016
225045
704146
880538
177199
712242
198130
960627
195722
163930
223040
871947
563458
408972
504540
498418
760896
421878
233501
533043
125473
599273
645740
232902
707959
709277
689590
223633
536194
361567
934399
160482
487481
191479
762907
843409
177995
466365
639169
862794
843811
743431
359834
647474
632150
784621
379997
505681
909830
964822
781408
269013
993425
274241
803534
226709
509041
813454
162123
379626
511038
574583
245986
128297
856663
410978
294587
264625
289527
494633
147455
444198
261780
776372
541920
518835
512216
231960
894952
407734
534156
234497
622711
516541
199634
594146
500247
628999
558797
176392
541255
371935
548887
972128
501780
689728
722028
115156
502227
974561
243568
703294
476519
199157
909784
836765
485357
111451
279342
458539
809076
140900
815450
647783
830382
643199
148156
600035
741784
493248
585257
929068
783432
720004
144726
733755
114116
357356
586017
600102
177894
824805
498114
965636
185102
359061
436856
840885
169503
782659
699445
482879
881534
585183
581126
216163
884987
281593
301459
965092
312218
553176
542535
521713
679477
936712
944944
638873
899959
699760
592887
752517
370898
941223
668141
139956
641035
795459
167677
467621
146941
151719
142195
867569
944384
177678
630372
449645
710777
890499
956381
542831
257038
236704
685894
470570
610272
250079
182732
327994
267498
738161
674380
807702
957701
690758
186103
632165
816502
674885
815904
106602
857314
195962
378190
405670
895903
986708
794800
885342
772726
859750
650131
567791
328511
776638
534398
178655
800654
673938
624118
455773
529012
763519
652553
935289
127506
212489
659806
491087
580420
315884
418902
314627
612504
122830
753496
341103
884736
304216
241500
361711
564337
185103
868967
915837
452413
328068
486136
753435
691733
232580
547527
209772
581872
518791
979801
549293
206121
267210
444909
674323
298764
436306
391105
176759
445949
287785
613841
810206
368656
908056
590185
753503
537989
972779
269836
724597
329482
843598
943677
625937
885435
355811
370749
959022
242048
928594
567817
945826
784127
774575
206267
189267
964399
482615
113137
608527
101762
579213
846637
850228
644907
422011
340689
475086
654922
790588
628510
575096
660046
691423
265796
761529
286316
342923
282863
257871
982199
200712
243252
582980
127897
350080
566451
556952
525070
504134
869421
717147
441064
668032
522542
100370
128032
188623
822896
954310
957308
639895
806932
313436
775965
999732
715491
311201
686892
778108
794102
224871
243301
199225
748279
879348
122063
954103
607140
926287
959428
224149
176000
174143
955356
244636
595328
315931
318038
924980
497039
898137
158236
754561
999219
399299
690443
455710
526193
371231
631787
129288
260064
901556
980318
533690
427493
240622
419653
202533
781584
986647
286034
611567
935246
762047
405388
492901
114037
247689
666406
364809
125768
698983
716593
986075
148733
266088
488484
533228
392416
492326
980978
277689
331601
622893
533644
387504
237352
156710
274419
436902
836297
700061
790178
439285
973100
152533
149204
721285
358323
409077
750073
866836
430567
676894
889850
422044
550502
889911
581892
583754
573984
768885
712164
358613
615316
203602
153325
109543
314119
334366
781380
299014
662255
205999
412363
911276
561475
929918
698596
264542
523057
220936
614278
310076
211515
476005
428279
354224
398571
695316
330102
346042
809982
797225
434889
684556
349789
981417
466160
102658
247623
537713
135942
782054
278002
701694
211100
829458
153707
930941
898534
913596
671632
562960
906306
303032
269158
526481
946876
511555
558606
382590
879147
349304
991413
403947
807823
509562
764096
944645
300047
166701
931090
584782
820872
623971
264235
570806
226424
872880
840423
966236
471057
180750
704542
753835
761279
441834
974047
768613
737108
895631
471632
857622
870813
693412
243060
636287
881737
265807
963786
341230
252120
937649
564171
424834
995340
934727
838347
508971
754024
845852
273359
242628
321519
323023
918259
926235
197861
156864
123693
213185
222614
227527
938285
620874
884394
740331
122494
867235
943581
701193
670025
434988
207956
836168
437238
661959
325575
108433
582356
597256
597796
777425
365410
773765
149530
748785
786306
490323
146462
807988
332034
977051
473085
331764
341313
391566
139580
279557
674902
908531
970046
672125
652170
508554
996915
558500
292710
863207
161137
590861
512392
534575
913638
696768
763921
875962
234582
573648
743566
841582
126365
883291
819507
591764
567397
400710
621188
428494
290350
255197
600133
559676
903809
440459
562217
711469
838209
343156
358537
524154
519848
217511
778746
298239
106849
285975
282957
644118
754181
759161
429123
550790
976199
542606
204657
139480
834225
578822
728855
985906
315374
435405
727008
115328
977629
545528
490647
245134
626765
377857
539101
172329
742050
436206
283222
429152
952901
422857
928108
827001
168419
969589
522013
867281
526097
429318
146558
836136
817658
349603
672008
783540
196174
185143
272508
527167
464282
225279
231965
506232
315839
837004
378998
797816
928151
645979
287647
317826
699739
550154
958471
631625
811341
557722
796783
461690
150250
417050
903530
258365
683577
261133
995327
466947
773207
285779
921431
571431
166738
861703
491508
209220
673727
985421
917964
156206
551300
374388
299574
529464
400756
205634
169361
840671
530860
174958
816922
147763
977391
132187
958291
429844
223747
113855
612456
821943
938588
899075
738746
910099
605842
163636
533943
891609
831154
766470
984263
562084
656770
339588
768080
334675
676645
242487
638398
623884
811681
454172
698325
313832
984898
524060
545210
228280
143279
321274
521596
979612
582526
624570
827408
249430
203839
959111
392648
281958
966253
930179
944275
401162
845460
685014
145501
943771
193836
608726
228257
163315
737893
315859
719338
685377
687521
560171
251160
363636
402972
994521
101403
523450
184607
838770
201787
291480
784245
606943
436819
425258
799849
853444
899155
401982
381016
329186
396055
983734
987954
471232
465745
423905
773146
652026
199607
367551
347120
854236
817069
777570
215471
570306
351429
286371
717861
876709
267187
103449
724444
317192
666256
454630
526572
782922
689965
548011
117544
451847
839274
116982
789876
745888
129476
109011
886690
786284
528159
791165
959098
888334
233568
496183
517616
206806
268249
705059
147351
472587
314860
127263
457726
111775
394894
820807
958600
549611
159416
725956
224173
777180
896304
123580
391149
546651
154812
570767
124630
209416
795392
769575
789079
304543
253483
770329
889602
823689
615203
566522
941002
601835
115073
541905
237544
426970
921073
467324
357517
911087
833436
391677
847063
701826
254420
217036
363472
651877
939115
839893
454771
359498
253556
164851
160631
579343
726897
308320
461455
154763
869239
513772
368486
917860
320892
165966
705779
469228
438410
142821
942692
308513
811733
953831
111838
464719
376856
816290
102004
881196
747755
879483
238324
575708
799368
940201
905334
673237
794789
170387
739051
140379
407882
155631
710655
529633
784243
175454
240860
501079
748392
202464
900705
375758
841742
122710
434824
417625
996490
301001
131522
177798
677895
240969
421797
229619
840285
693252
647651
578271
678214
254033
214674
530410
445949
753988
981343
737870
133568
620489
195500
206442
477505
296262
173623
242500
891208
351814
866508
178958
271355
304948
568361
975980
591720
735042
141304
866445
440542
539511
329669
185451
876464
641517
336163
144589
745975
768090
108354
767106
461375
435914
577347
104343
409721
499797
951934
606575
606489
174142
773447
792211
101812
139236
109032
809437
468149
431411
990633
757101
428791
438008
405743
787119
320426
926066
392704
534046
235077
575107
274625
525795
417872
661896
970736
686871
507758
980180
316265
605420
857247
217418
251551
565381
333376
534073
990788
369698
854620
977753
483262
617857
183829
320502
520912
461134
270978
339107
931824
569459
241373
926355
298306
727605
969153
141688
477180
533504
753758
213418
383321
477803
905107
262344
612836
403366
102570
486067
979691
170614
793575
880689
133600
226315
300825
987707
812756
719255
757143
724250
715591
626395
646952
758500
955350
432061
824126
983712
184073
406266
555303
371684
221033
958092
871605
626598
455238
530083
339751
446951
252867
817841
250495
272903
218471
477020
971934
116879
626177
146845
670773
992649
320778
418950
971372
941978
126667
485561
578963
582244
443616
759401
433196
930725
778289
246762
401333
317320
976722
164251
751971
619855
701975
590100
447172
695579
284491
654445
745076
796741
107215
434904
834803
399400
448802
697218
832546
332540
913321
409679
872011
405579
995883
732073
338516
750595
970946
342925
231860
461614
315898
117918
200128
191828
877227
489419
749706
753378
614359
553366
445012
887474
487881
409790
396473
223046
377372
435419
564174
236532
127820
374480
153316
624992
395688
448348
458355
620312
205091
855665
910963
559637
727384
876548
230155
743971
457397
713552
318778
711134
880579
729547
186751
315472
460625
582121
765770
740225
137264
526480
361595
375593
369562
890726
184256
833781
143268
540424
477871
688834
906125
596810
427122
771757
611440
810915
734951
113363
670976
651508
387548
945405
460125
483201
179732
464424
350749
909604
217275
899236
627793
340694
900190
545486
716450
713299
535352
189104
761133
589823
891694
776745
386589
325209
330923
298911
878342
162235
456789
454659
718880
750887
759910
397424
357346
523432
600160
308248
182374
437164
735315
677079
632752
514989
300037
533958
925619
638869
628796
995048
850501
453753
440493
964468
149384
940829
136727
753757
627826
529132
592583
462364
952291
279748
750439
328358
282761
124580
925541
175332
923122
482177
932982
993558
456364
881487
796820
730141
326983
498135
196107
512012
904830
848632
531227
452620
750128
766663
439575
984619
357732
916718
663085
771667
196836
868520
908218
660165
515683
554868
720212
692048
937963
424170
919664
180622
774839
196692
671368
331043
716032
335349
865633
256140
291074
566516
654860
516412
801672
130831
735653
247817
313496
106475
635466
382497
564062
254357
216779
797028
249604
565320
834938
335217
774465
244718
263010
330405
663424
920484
248215
111658
131075
159560
144007
494224
537162
373733
490702
356324
439005
892563
732700
575965
887708
172209
813255
226820
932405
683511
476473
457008
126006
585738
436401
233648
854635
969052
435063
344903
918300
678078
114903
695367
446339
955175
513417
472757
532535
316969
698059
304749
792994
647694
228526
233926
154218
438592
164129
875406
739381
255177
172034
431881
961711
402461
234150
957874
867704
496622
948812
758215
707141
999700
652338
933561
669031
718698
367752
616997
193818
782045
286525
359854
293714
390926
384204
823025
577336
313159
342151
350140
470926
622686
634168
103531
717863
533539
218021
459905
350433
167378
859847
265830
919705
328316
276798
360820
762336
329640
637490
987724
715435
911566
386699
980021
734509
740535
465720
909790
932485
385328
368470
317592
370274
581696
178802
909521
797879
282935
351789
934474
799982
267942
715776
117049
759013
546660
229035
106874
495412
981878
478811
690273
763432
125503
826073
511631
801307
956172
479640
357169
146578
633512
827660
272040
879295
266184
702463
743997
805253
793464
622525
111501
376742
955332
444525
386305
959780
994994
983488
107319
373798
841344
678800
369911
121612
786442
127782
138666
160188
527267
989930
788266
745714
985959
654681
222865
943523
509077
259011
491141
424078
493344
562826
867178
942809
461308
193079
517848
183419
226919
227768
732609
437079
833583
951491
107838
181898
778278
165964
504904
750907
132763
140884
545145
523030
868811
740361
428625
136483
770297
335514
379146
350268
290006
368068
919741
911356
837509
434934
180985
129639
551193
260450
133720
744862
191065
826212
852188
513276
238978
202779
501763
514704
543968
325124
196356
269305
123361
230080
232436
916770
555791
402072
576393
556945
654251
135538
765726
158798
243022
830427
115344
571778
270551
190219
277940
545137
278363
849654
504906
426835
462992
934856
522524
521609
603520
635714
200534
846921
365763
429254
487128
259725
902338
964346
454343
328363
210220
123447
119868
385951
543714
603700
211853
855668
996796
494965
428211
393859
830420
711040
885259
605576
116367
882137
197789
430396
350241
566756
599968
529628
197073
391019
298398
204191
125810
114033
827678
618429
101631
134114
341927
693113
700657
303105
163857
403900
211830
401741
688863
681069
833282
940079
741853
293341
530613
851506
376330
315405
594666
693004
532902
422628
468669
439915
701140
683450
612071
960048
172582
245039
722523
439359
644389
261840
226002
682778
674472
357548
384563
248009
101312
890533
942319
279916
442061
888679
611330
692042
507713
990617
256444
283814
747879
302739
817556
289189
302474
645587
275491
171839
406232
811388
984362
138040
253625
940080
972863
419876
865271
250679
725318
775956
683879
789163
858198
801977
273305
551845
539931
837705
178523
244167
410986
959317
235753
180638
105838
727174
420248
663539
825883
644403
147083
211195
172553
867607
277512
770530
426906
617429
949122
300145
831451
524709
339415
300685
799318
786990
964361
908720
505646
325178
610291
145230
916078
731088
919528
250207
333430
996193
433248
309181
925377
772398
178823
346724
735035
838255
878913
526694
297634
221117
914982
687484
166917
912699
153626
792387
534898
333367
178234
836811
435225
289090
145680
241145
430948
940076
178947
300877
422922
574082
796370
676741
196480
373193
944252
277473
938892
705821
959428
422181
811196
823828
127392
148732
283976
891481
265176
718212
388327
915603
379468
480334
508386
648498
585185
247877
246867
953020
858892
433559
857361
345740
514187
122348
203657
985640
630090
570869
102661
912653
235259
642084
896053
224462
435226
227091
343888
924238
912841
411313
901873
234989
299563
443174
264903
700506
562604
408214
106179
577781
417681
396581
683351
539164
205024
424872
517167
238737
569077
467073
184205
929148
535930
753653
894079
362388
532242
517844
700395
495768
896392
831249
684794
798610
538855
836405
507596
535273
434827
127813
192362
438351
460839
961247
520363
628544
365066
108374
101650
451352
133060
493099
327067
938397
547188
712265
547061
342774
231097
518604
623669
633433
722928
251379
370673
585720
774541
236790
526783
301664
762424
199568
499822
211871
705700
499289
663331
414197
991249
295746
330716
487922
624912
372705
807904
585802
929958
637808
159199
758862
956573
797423
417067
758162
758154
163001
231538
574711
436123
499284
533414
235641
581465
213183
549184
215742
739861
946034
218230
860401
449619
982020
732137
544066
101666
137113
329890
229336
788778
332624
882368
957483
275374
823850
485188
609972
100899
605731
321889
497107
699304
409477
893993
212619
248580
446663
320666
357864
272476
466667
468601
481612
887741
199516
273809
105008
861440
254828
136844
451911
924832
394929
254267
581969
459722
428821
507397
826729
684255
782223
354193
377707
561710
924350
703062
505953
399110
358856
408987
273166
577949
224398
371968
770743
363294
748215
217704
690086
924373
878942
895195
106228
558676
210706
672669
134740
997905
216039
256479
565377
546317
414592
963060
986944
916313
119855
506659
566059
835898
382860
953693
215609
201784
499879
613746
591747
424097
133850
691789
205562
448530
842022
686526
423261
182664
299075
543725
198395
272192
484569
178603
443087
319586
161800
820352
872428
987507
448206
188829
754147
653241
250877
826235
769840
125131
473402
368825
251145
812875
305350
334139
448130
424017
387193
391261
352923
876481
358977
848434
652548
111581
982317
771950
741851
854082
746920
631426
474020
148533
848979
155498
900868
811874
838572
407555
774084
370399
541353
374213
534473
475639
835445
471292
524694
972089
269111
763029
762202
309383
172770
306774
933180
183949
701175
115813
572385
952700
815307
469937
260855
417756
385604
245988
466242
824859
230103
291840
485615
111538
940306
916400
167350
815547
793968
989036
144323
273833
359214
944851
987153
459682
315390
492881
306316
563110
914387
562429
952698
863112
264596
516595
127361
198384
925184
238646
588654
591748
251551
849521
326319
331878
806301
608440
792256
110589
718340
735200
887004
101632
321933
974291
217698
190176
506549
722470
410970
947833
352700
800036
525862
228589
876519
477830
879373
776664
522634
300479
377377
250367
718473
853642
684064
256063
665371
775573
656568
885499
216264
416051
540324
255432
500242
121181
643412
769437
512175
868013
854963
678683
422016
311636
847666
651094
477197
289766
281032
833299
430913
964246
239752
701785
192006
905401
343064
148850
709827
609267
734802
671323
518770
992235
302728
535802
277804
993970
534841
269279
735547
448788
327583
715777
745778
742456
684649
457521
994807
542297
156924
971518
609752
352967
684257
460704
374823
739169
536057
208034
269354
189656
832690
170008
913378
892637
327421
508786
292170
533269
527602
945571
447337
503341
215949
431946
886295
184659
956105
878936
289631
914290
543814
798796
122024
660102
382760
306189
670760
767275
873444
421352
477224
564815
417929
401581
348932
773693
585222
867055
363765
810001
930205
368636
741535
220614
484672
326652
436606
436598
569236
409484
595148
616466
268699
335426
227835
360081
379156
212528
470485
896129
893752
651980
975935
468637
878684
958011
765248
482770
183057
641411
810165
658510
360341
968964
683858
495877
947994
133011
218997
838707
199859
224818
981964
804327
143804
855190
549081
904459
203816
299338
373579
176093
977548
809598
798848
426919
723092
869281
215663
268436
485583
745060
573996
956683
230552
578220
759443
869071
856189
541041
174322
105062
890893
511586
865208
535068
643692
287986
512304
369532
112490
628168
762080
273974
295880
884746
373075
431616
766516
683815
253979
586619
449788
577785
879851
352085
408659
676776
647518
952081
476560
234762
507149
174924
164089
727362
436327
962498
490238
214911
641051
119024
706130
308274
271715
782335
861315
352223
465756
492538
389917
347677
284912
119407
386450
886629
704446
247120
760562
761188
978636
421064
700355
630313
982759
467235
712641
833665
994365
597226
711464
702097
124312
842907
330170
895048
418246
122501
646072
280016
988920
800007
265205
848606
499470
670490
884381
793561
664017
416241
480548
879094
452657
940857
590204
231109
166854
916611
127071
757772
267808
596187
356810
658495
812235
829812
739343
502890
599948
297281
937147
948583
179551
283431
858530
851261
411746
519163
862282
308922
289515
791208
511457
771429
388279
425945
608279
123271
309172
701909
945575
408855
420552
795980
141443
409421
964338
202165
432296
224726
238262
293298
686388
779160
297823
143096
528022
325123
859589
499458
545453
327720
536546
749958
663269
447906
883319
643861
292060
497035
699491
447222
364113
104268
611881
432473
961551
950201
505152
169243
100594
751152
925277
547373
910758
176641
321789
935237
709996
506825
636049
966268
734800
456771
276858
318441
978738
727066
703780
447918
744415
721219
194952
681070
282660
658761
402861
203669
802576
865751
806855
187147
955204
433955
780182
601581
320386
460148
770842
407802
223533
764706
698476
473497
674692
958168
346367
682079
183709
269232
109309
989713
833115
805684
633285
521715
874764
533711
853810
854658
504437
295731
315319
417786
604027
455410
241200
449211
167471
695235
659769
736760
754702
505271
455371
940815
399779
846047
477012
306614
865650
604393
353118
593492
987272
889010
564937
615501
217103
991241
598576
898216
316881
130513
133624
814394
807194
103951
898395
134555
993651
263433
339827
827368
393694
952192
406555
829792
861556
216408
573065
924156
149828
565928
704985
855677
651911
552756
519914
167543
216141
247940
792911
189298
639121
465929
638342
778625
175594
933316
271884
564614
753012
737648
980547
679420
701526
463679
316777
902007
881559
354776
628592
604506
161670
919880
349266
141714
560380
573258
949893
766342
727253
293850
582342
861557
361542
487159
651203
830325
137156
378123
745845
943781
795992
776010
759637
750284
445980
277587
943009
585716
207795
166963
841919
326175
884420
962238
746131
149951
804046
663170
315435
752583
352926
600375
682058
516456
993820
471833
315951
856608
363544
672524
617129
873613
216150
963836
826865
880402
681366
949444
978484
411737
597866
760129
864932
421441
247554
757981
797557
267292
413887
174217
201485
460493
298134
321390
458301
955431
823546
920834
500698
938283
142726
629943
834731
116131
363204
116409
290982
819616
670667
386980
489857
256659
570813
495678
112695
293510
651413
707117
410668
642323
660985
876819
566253
976513
259755
515321
539410
347656
871937
350204
367409
207793
696999
683965
811222
454917
886017
330802
222483
674722
609089
831669
220910
336360
299069
437005
888691
344064
715012
333798
569655
683956
798676
209787
559541
768835
642371
514847
640503
290121
124500
923381
339841
534621
633913
779425
306316
414830
808097
685595
135424
171695
594054
718483
379895
344454
468607
520291
770143
197506
605364
386831
783003
496254
925978
974438
159209
240475
601773
133114
592006
795633
118957
145023
677264
448942
256448
309997
932338
799523
393738
523622
703714
829983
238004
365348
312295
103869
823520
909975
964554
248911
857856
385534
129519
634868
960647
860456
895338
877239
793191
217627
467609
399083
961701
847952
257092
749735
345529
990016
396990
793144
730209
592811
120990
843906
508172
540820
374357
667302
587467
601218
232521
161250
940693
846486
992299
519182
358534
912728
966833
888185
274888
670226
517188
553448
607731
477451
239381
379685
633713
215448
474245
161045
400565
803780
453655
168457
763127
920628
974355
869465
442168
378611
170425
933814
776893
851172
536115
917704
965290
579968
967357
463602
411276
668718
151091
523674
812114
887027
800107
518619
421501
722822
551322
672215
624742
983129
403756
768352
713620
868598
366224
128302
671466
768075
152603
397090
852241
251510
304345
642846
871161
238465
596023
743495
123883
481317
557935
270948
535712
732795
146167
765932
479962
212494
865782
329445
738470
858058
965886
522453
715348
389358
307273
834332
187161
837901
275763
163816
451327
152443
572827
163882
599727
137635
867723
589345
146252
752853
682375
646433
893100
367761
996825
411145
362982
751461
102096
687216
436564
271728
568826
781667
390895
879337
133848
516207
737290
513620
295483
694934
888913
172877
304349
374431
831132
651128
890636
662806
976969
102869
842418
216347
857101
802801
839801
129066
551585
235390
898577
353058
794470
251005
220073
410896
362078
863643
778104
282909
235829
304395
454175
233528
865443
151186
920086
750694
667919
174577
550140
846695
163465
768231
754754
847848
290689
821415
668069
430832
124128
719906
998736
307303
858694
731297
725347
821899
880899
141724
307285
838465
218226
888198
866928
873059
663560
903606
840672
287049
993145
665202
404205
101721
695306
202441
265556
743715
656434
246081
538572
709574
152050
381836
196792
984307
133076
443238
296171
293537
400633
617185
770771
509133
857186
349410
653747
474955
613857
121964
899850
345891
458027
380125
894424
841482
256068
888682
338359
440383
927610
655968
679019
278944
883424
875908
342364
488968
462608
913302
174968
176572
360365
119049
341167
339988
465628
912931
990736
580468
966953
719621
212745
529285
719630
100349
217260
599930
590960
237959
586213
316868
817954
214742
237172
803229
659008
654639
891012
497024
904581
732020
362117
177501
891489
538215
370313
499398
552167
325527
407120
747451
236502
625239
561193
768388
847889
293673
880516
752998
981488
969175
313303
950244
355084
397179
623122
805275
805828
187006
967954
320052
400821
644471
977598
445178
824951
424919
513948
762916
147643
931289
579590
794780
480930
704561
499319
578403
549635
660917
462967
800295
168107
184067
458646
193451
784803
165787
499815
107875
967456
946537
599314
746996
656688
147951
955378
600404
822688
328354
502511
309653
539184
968235
365964
220936
711974
329250
804923
595431
792276
277040
784009
344373
195284
604871
520189
237067
962753
894506
337541
905090
369420
189645
483123
857627
584646
757439
948846
624156
197503
396695
576805
261935
630472
308270
417388
495693
327176
142022
459139
181116
852950
139321
243410
412374
224307
545313
711129
207410
217542
498189
251633
289886
339227
727164
373569
914460
681552
363511
239883
273302
638373
961499
938070
962431
418156
422689
274408
385622
327603
627444
566779
654504
939623
321005
510580
827196
485017
862971
722806
175770
737204
729467
889267
779042
376030
942861
443922
944755
398747
210115
855925
768578
976046
543197
605724
680590
471955
123818
333070
936157
334628
804859
746342
641773
574126
247396
165076
348118
452034
894835
222964
494123
229655
122841
767583
580624
979137
920113
872048
495755
103488
327034
196328
341809
500518
171482
721937
821327
208701
399366
153926
970826
838931
970292
249913
201873
302212
719020
614644
112493
517302
684253
983506
167015
556382
852013
252038
386261
858385
189065
696486
566416
321872
109777
114092
618169
448091
854170
864230
894459
422781
785712
994247
723418
436893
358055
833436
720379
241613
402936
602342
826590
344873
655298
821619
726612
393435
903099
451455
414524
621302
566357
734665
376254
463418
585367
615915
455162
540208
997213
121991
811571
393047
824151
164101
242982
908462
368804
779851
754819
412115
314369
690530
823767
179142
711756
642132
560653
982558
376046
541790
736055
106233
818980
441294
180654
736154
946816
684277
196695
935144
733749
573839
719958
377766
720600
449551
341105
300972
282852
883759
149397
225413
666075
505441
529538
712769
650416
963687
791638
136292
949507
478376
969865
555698
277133
225059
644801
564849
722003
432035
103251
183501
908124
599424
620523
387055
476462
669568
262731
889035
562404
650400
126557
687549
163981
760364
491109
293924
956374
383357
690716
696123
962484
141716
394183
105772
350939
930216
494552
546130
133673
279256
934417
818935
750652
683963
622772
974247
401330
814235
471280
290590
370561
899136
545247
141494
760316
770414
619667
161273
916524
740818
913757
176474
822404
726648
943337
512700
490113
995965
421819
454812
917879
256634
161045
712601
166460
504637
248986
838675
164011
213870
763137
504993
205879
649106
660671
907928
241850
314302
629701
205340
185163
762307
848061
518781
905707
426367
834105
362656
230402
198055
205928
604950
647967
211877
527051
923646
843949
682602
818240
437844
213926
612329
989598
938709
900869
381163
896512
169264
376493
458697
609469
487041
125202
993302
759584
816352
430934
192369
101309
718199
368370
756359
414881
814796
284420
248235
206005
538235
581418
393128
213165
192657
379866
863964
616441
379249
992481
400587
457797
480176
345507
179272
761110
410971
502094
361692
187664
350087
707386
246718
131780
534009
633369
948595
921325
352986
261479
954716
232012
700313
219627
199407
836635
668976
776623
471739
642873
426072
183873
688942
524845
919048
470181
531456
872673
368427
883167
104306
883492
335257
276130
776797
612007
599715
812212
117857
456533
551077
147236
468140
833206
187117
557271
185811
583766
134484
379330
467771
609301
217260
778057
371940
175063
247644
402463
342122
595893
595619
328272
107452
770347
974295
798150
242446
283384
127334
903072
214426
961506
161128
255590
131440
228234
736993
840938
317418
793018
708328
750503
860781
111947
610688
722646
373328
214804
734693
894774
285136
727341
560478
494130
161853
691536
598776
536309
872459
603330
902203
423941
474247
476111
695967
996824
681047
854419
974796
995287
896872
290830
911677
472890
869004
659644
268291
206249
282201
608380
432220
226936
973196
909276
718332
400535
196403
142042
395287
159969
311317
217347
382312
667241
727779
766378
400015
224541
222798
903295
457125
620969
712562
158983
736759
284504
520772
305541
833706
359327
949227
435374
652454
363541
335827
901874
350598
892927
586811
824415
700428
602239
162839
785716
526315
574817
697057
613490
642277
771095
186813
951320
641672
141601
638633
415077
135347
322317
211195
619014
868041
583403
193387
541703
759446
541662
988173
212525
491242
594430
264105
935082
892486
639723
708908
201985
478935
815017
364487
435686
421371
126627
378041
209618
803792
977943
974117
139294
690168
807045
862172
614184
480076
279903
871917
841018
321126
517919
453916
301929
131069
548592
841278
113635
903476
127128
323141
262723
903302
786061
528877
773578
293415
973944
574690
205696
648336
475539
442497
374091
919938
457496
585555
538048
430919
598767
212068
511040
250388
380683
390564
867875
294038
470424
911054
423679
397573
722498
120377
966873
481107
281085
997490
831986
930625
683476
463914
220490
267241
332878
289191
526609
562914
431311
936050
519362
741382
188224
931317
943073
962272
332746
460720
246651
768995
449448
939510
956039
184967
951178
949540
118871
256816
981995
349095
694332
163107
893621
192427
100787
134429
124146
134398
297143
944992
711470
549804
450214
972200
399839
214819
437890
934178
571935
129681
343369
186395
116591
489831
655512
464662
663249
152994
449027
871962
602288
538050
573207
556654
901251
127191
952841
465527
171002
300663
135532
952814
916530
517746
757753
703909
648354
755638
939165
421934
561814
103490
643974
957674
339295
972845
168210
582433
135093
311648
211734
609268
513025
397272
250641
293141
999416
451856
750849
801148
546822
648345
262184
229486
485943
998692
419930
928093
246504
723211
445355
387766
791063
420595
380719
334644
310315
210012
932334
906256
754056
822636
333412
686004
553348
540419
830105
274914
726845
368640
114972
407894
286043
505215
710247
108099
234567
704632
471377
946095
926040
289601
254760
461491
255579
130959
967669
863219
126077
894509
893066
323620
270353
919599
410009
800919
879179
229624
901209
659013
227094
855677
824785
472325
400908
434466
256125
951635
148213
494349
255744
231576
164347
286129
488949
407563
897763
890177
820562
439595
998117
758878
877896
290380
761044
432546
496094
520893
373854
741648
735798
231363
614807
223951
893853
844199
915088
168868
383589
609624
503334
627338
700506
473499
224333
390950
951565
586418
119342
472376
635528
687451
859859
938936
481594
124917
920333
273571
395294
498173
279334
504587
302764
386519
770150
469184
245215
332875
334853
605527
681756
581062
748570
844844
613883
854513
158355
643459
169411
470187
175177
846603
557283
374914
285851
600429
141901
455459
957140
489555
771835
203267
122881
392661
612480
206387
326999
217335
483375
930485
701626
713578
644285
680106
826833
624847
304651
389206
951917
738610
249345
308102
975273
350560
442357
518812
146779
984571
493426
222694
258379
618202
598376
653349
995080
744414
947559
352964
116666
961173
298756
739731
677113
774933
945098
968227
637536
115838
791285
417527
596568
182037
175989
260717
639167
259701
849949
171142
694564
181515
493489
599276
384431
935764
407595
280424
181757
403242
713899
900929
599370
675901
165887
377166
175791
769550
728237
865241
299233
637025
343413
179889
296691
831388
817208
723368
700273
353691
841758
475549
206847
549464
514465
497279
354241
533749
813508
240580
295151
353282
649458
965702
366182
618837
388027
876773
216952
690640
807588
656577
747730
912877
534243
895693
801288
837945
861835
434661
431163
421149
726132
419673
724323
546922
493260
372590
790113
182920
195681
920512
440785
203696
790144
775207
915280
704567
371576
263643
196066
578963
913799
590465
523848
507093
385426
750097
250418
578118
467263
572467
471768
787940
345021
529250
150126
315170
674346
171586
745469
442056
334012
667636
620912
662306
628912
613369
321808
445809
600219
521258
322246
260195
748547
408845
776501
200187
192243
884534
267782
367173
437969
157133
305240
104003
163515
455130
782504
707385
858509
791577
654744
718537
904154
765395
232468
513868
134018
132988
581591
430593
986893
520544
149839
479459
887084
538229
253001
379450
495872
306543
789237
431137
617185
276760
529175
144534
635208
377504
144872
793693
781309
137755
184898
379355
275414
520269
914264
888127
856083
865774
287195
993177
272554
546388
212866
455078
960342
370331
988235
954246
523319
935083
974908
867354
644274
468204
987555
230382
494300
608256
997096
200539
963416
435196
250958
729049
146735
550381
215086
319006
956205
444810
616886
816043
538052
958002
843360
230732
948404
834859
187514
365124
829162
268148
442605
835975
605205
312850
244553
635273
658057
228864
181798
240190
938270
956855
877304
270623
518849
964764
429333
429272
680448
838918
802020
333787
115272
447374
920898
419838
678073
744504
438808
814115
285721
848773
867756
128335
263736
872733
872083
648049
465097
325936
220753
533858
463905
226790
354642
350250
346050
568138
992332
415198
173966
412192
232907
995764
631120
495044
768369
510941
828776
673826
774671
524337
176346
244682
452728
847164
524496
176120
871555
586124
284187
946967
380557
856020
371804
196133
341450
278646
867786
334275
786592
435790
815017
986323
374172
636954
772560
595538
401616
721326
582063
680386
471262
675894
651677
435640
768802
302611
543485
874715
123203
415155
907398
466973
939741
364318
680380
628399
683250
424576
639091
164592
150280
636077
121091
496314
142832
113688
632368
354928
546656
778339
688411
890905
736767
612022
117196
265704
352240
145382
895466
827865
648176
973251
892714
625744
231191
900340
180991
896922
249455
348468
982854
813614
179535
125562
516303
883799
335594
959748
284970
509045
537240
293219
122301
725832
994113
456401
671272
853995
387073
674213
658073
627654
410800
131024
412777
378549
680380
206015
876233
734466
737837
648985
537119
362033
659874
559057
774614
355540
957161
599798
199641
354120
923149
310413
417499
234913
827259
306318
196296
117667
243474
920380
513524
389527
322480
120940
115105
523606
175434
862472
696169
411802
931475
983118
391026
190614
646770
483449
648212
108973
542494
595835
823573
609897
983855
693071
869905
229826
692287
181442
423213
908832
481318
866535
215456
593810
972482
151573
768989
218850
361293
290694
696241
999380
346739
576254
608352
100037
284018
750787
847482
726249
647038
740606
188519
493835
440374
966840
278574
918359
687984
572279
211896
790911
795673
897363
581626
455905
649183
781594
739259
664722
231951
772607
347457
576206
560794
765671
622744
143548
528515
250722
369984
443703
770487
779017
544443
687203
507478
123135
180199
907777
946284
639783
911383
133054
999933
119403
568587
135229
816202
358835
811410
654659
424124
788674
984548
790618
832236
758553
454759
123860
584436
414700
286210
601537
562267
344307
424419
219114
601138
118858
944378
977889
707867
555891
572392
590931
283741
792486
168247
892499
176530
984317
229024
993954
572760
162247
367941
870037
217842
710498
523308
527057
397339
531919
374078
407743
174623
403291
952690
625497
907776
869713
804208
194496
458175
893600
619990
421577
965081
129316
235202
799888
911392
183428
457341
329804
116996
613216
488283
215179
227708
992443
100088
490398
609998
768579
186673
570059
178230
977819
810560
314101
331886
391564
548970
328664
453002
303557
951673
425128
447835
704670
998041
267296
347162
108750
436138
275885
973494
951249
480889
374513
408015
757298
688965
848824
499105
805759
114294
555071
868362
281521
228090
769324
523910
329679
175682
575127
606056
995216
510142
851677
993498
791291
806092
839599
380121
523326
677587
290055
450263
420965
336474
288037
110321
544155
404686
560661
589454
733703
380210
314893
475150
120929
143932
906999
501893
104087
949981
388601
264961
655431
467862
220460
154502
171164
222694
574058
694346
441299
737999
977599
713018
476981
546422
830626
253481
891144
980192
608636
866129
809660
671470
977554
299512
828905
916723
367119
109483
447797
237897
941913
551566
562402
756052
924599
431876
494326
780214
675553
626625
545833
291136
532556
971721
513884
332390
919608
973618
354637
488162
361632
110469
549391
193544
134430
573919
331816
842451
244678
105934
525887
880323
227361
671634
858403
774892
720081
806631
300086
776403
485397
967191
144393
950947
487082
798080
631981
760097
927974
769234
526056
254572
810089
691666
759546
750123
855660
679172
449429
622444
896809
670570
932911
251631
760179
303523
717787
659450
140382
834092
891767
605232
314665
971201
593193
982718
243843
713291
835962
432343
967027
479381
509042
155468
649434
870988
170153
890609
828445
771807
493884
550331
837550
251102
208857
942271
171552
567739
114910
952821
793713
343670
307889
218813
204566
691256
492369
765295
363349
459341
751570
516702
641549
883936
165778
141127
107979
415302
859661
585146
169292
760370
748997
288769
650778
153900
209495
430139
135018
846891
130911
692855
215827
731942
887231
129874
137675
736658
361091
655892
815431
342717
401887
455589
722295
575959
172969
772797
396850
365780
854756
256002
410959
528861
507003
122406
889231
682196
258121
960139
285668
988553
191583
511536
548161
840192
891376
851309
225674
630505
245612
366171
997461
693945
442893
330911
162497
293607
148036
400331
852187
423710
491467
141982
867544
362217
316153
776793
456111
304963
561335
238439
391082
441226
678101
307774
937658
139873
387894
611400
842990
571914
977081
922439
829776
701379
425422
442054
600427
856533
417709
455310
661323
730154
924617
606541
174298
993316
180410
397781
893313
757445
486727
557452
600398
527401
304048
782862
865976
578790
697339
406872
844062
795000
111319
395956
967281
714992
131802
793024
355683
247528
106497
138248
710474
943075
449195
291713
683142
524457
907909
627073
492568
904258
109361
480079
845133
909901
747486
989435
499398
161077
178895
239837
273432
501451
836738
353868
208927
656334
123978
580041
433537
839759
632745
857883
206733
188370
344174
977525
774575
100307
260257
412292
464084
107331
300206
140844
186279
640871
895325
991901
919859
856497
256657
787570
590382
808027
775835
420232
371091
616261
687137
162999
610727
433639
467616
439898
964337
904189
156067
875368
746344
703970
191841
605172
181810
772428
636794
270261
625971
459498
569377
396466
661137
231804
144758
919690
664534
488946
451071
175100
217927
941821
855855
133554
965166
500701
178172
382845
674460
814128
310802
137366
535608
656495
155807
129903
256269
400304
510958
803919
233606
124263
644888
784079
954693
219111
952811
750538
607527
663166
814045
890727
934709
916392
766385
844385
166309
445350
764590
620153
966245
177397
542255
877997
956632
776646
608286
801829
486585
182272
770066
753510
861107
139380
862318
290282
827735
292372
306465
831255
342477
383526
823392
588109
242510
551648
604415
972020
621531
461692
336206
644080
864703
414358
566954
278289
857308
835733
860003
690175
375632
718750
335866
570638
105256
781093
781099
542749
207061
955087
666630
620714
213059
182658
347319
685416
374265
103844
267685
147501
893783
871248
249751
726794
440103
778680
999582
799134
320854
171868
589496
422226
375869
463006
675560
424899
108684
598035
888462
394617
867317
969400
870902
749839
691786
221337
339479
280562
558480
818465
605808
991459
816511
542575
369725
552874
612780
700936
857818
972774
112087
570007
910989
979784
323168
217796
380902
831295
674760
276394
252029
366505
818723
681755
877769
527819
521320
185294
216905
578840
752664
136058
323953
830281
555616
543170
391244
925452
277763
245485
126945
120530
634552
386507
552442
228083
984215
588103
652091
977118
180240
671022
567184
290743
823502
323054
742532
365133
850399
895488
858799
413602
512384
704930
695346
551548
315645
130727
201518
684372
124870
866014
280293
783948
691233
327361
692628
172807
443794
107903
893501
419339
432544
708937
447220
314084
580645
463047
540605
307441
510745
864416
776954
513168
976181
765104
913968
480104
233044
308905
690022
249372
308871
571263
725662
306928
675838
812856
549578
900187
212596
117195
466801
601229
713423
422243
822961
791134
634271
103954
240809
714599
830906
467920
926993
109500
615531
363063
607160
728217
938327
914838
853572
311425
123109
585940
386929
704135
182901
731171
908984
683586
349938
961265
833253
139284
288969
440958
720045
680450
272485
270991
281720
456676
667703
254083
209515
773562
220936
906473
500012
999319
649080
422447
453180
568395
945302
467212
865927
130035
678085
335020
211278
497368
301768
232670
937301
186065
494206
544377
396912
191292
694343
636984
302714
689908
867218
833868
405901
505189
382572
455929
939084
153819
936953
215178
464911
790532
690299
528752
805400
202055
957853
476262
770832
614238
760885
401947
633802
156173
335566
801368
177732
841960
800617
372332
515153
601070
570877
164037
207535
288784
436868
649767
661030
198255
350306
778397
416167
989557
170660
987452
280856
636214
426939
787911
429044
109688
118865
577514
878569
251124
620383
663233
203340
783328
230538
164440
785685
924293
633621
583970
264874
154665
466410
651660
310117
458810
742483
852281
292308
307079
103070
331199
366537
817750
405694
805819
119383
831944
122234
803077
113586
268512
741416
551443
531983
729062
523467
819216
933480
307490
970079
340864
559210
911133
162093
712939
681619
285979
995927
992047
884810
581453
516363
709112
688316
300851
525201
706018
622782
970336
837297
546288
969535
801238
765026
220355
163428
759109
723578
248586
340179
229655
284152
133092
711412
241765
944802
942028
824290
928214
906706
864641
643514
703790
281412
587090
106959
991848
439283
518168
603598
864298
211908
744480
270246
680876
110872
840288
523146
701428
789297
736256
759068
453330
289170
980904
593340
215386
330426
114672
444226
891051
294039
526942
470023
858224
392286
192514
774241
550503
821826
813168
603772
910953
361249
781322
777886
739022
838007
329892
443350
187511
255093
252489
197550
550282
227796
885301
113829
834889
517842
779617
849321
923129
539595
396282
612127
860245
112665
330245
787217
479349
931349
197041
950356
543500
790132
670128
464895
885645
315270
360986
647496
858777
312898
432970
938353
471653
344362
407598
764096
815209
143301
758604
281888
498501
490021
310152
152336
482271
825387
937985
127015
910022
810940
728738
863338
168617
336257
780038
247355
217565
602380
686932
506529
512851
152704
454358
573963
324134
142347
435431
139172
885321
142152
122204
618935
163567
345437
975042
320411
838569
308100
453256
540222
639754
424220
444683
808035
487963
701931
368909
700244
525746
631234
819377
992934
784228
752353
770436
504042
899099
304642
637065
550401
900933
730641
236576
780965
937237
954755
190787
762595
367879
574622
306874
599966
264150
823639
402288
696886
307469
787169
784125
947536
623879
612350
774540
262584
201544
423660
279038
297460
127119
911726
991172
782109
324466
412363
476582
364833
808130
314786
840095
383495
176991
381905
323622
165830
258554
275461
126774
339580
198770
227312
835681
940868
501104
873533
365958
111452
962718
977045
389080
118740
226598
122000
429516
541637
310215
398172
454584
935120
958080
565655
630961
154900
517513
929645
730449
347425
365879
551280
241966
447742
274753
155864
444486
801402
449955
263116
665999
870530
930243
444662
250308
369554
705482
849047
461160
185676
594923
776879
731101
975433
803780
455505
467625
427573
573368
311620
765649
497302
508837
194073
724560
649365
478302
534224
810318
933396
941008
928058
632753
253565
599044
865290
721866
781647
471139
340155
967454
513353
286617
936251
860682
278272
622344
976299
452070
223785
129496
798867
420151
456397
289627
687449
349315
401432
391204
235194
853889
163995
526586
293674
524569
401977
286661
159442
784277
162500
377367
532804
802414
806895
722357
758908
783404
646172
144017
177929
548177
631582
758388
921446
958440
600819
909740
769014
335698
934225
425487
864844
302231
675445
498882
778720
317519
198093
804543
527190
667049
125103
279588
418992
755435
459067
455327
453208
593624
956948
271224
932800
146805
453800
660312
304158
650722
508030
613993
373213
605671
598110
980534
865265
110955
531290
664484
154363
907988
221461
708811
920915
662049
623621
576522
612841
568848
707226
643228
794467
858622
445420
272524
133580
846250
218180
771572
716394
935880
616036
700196
983635
167631
727468
332190
315650
743472
798642
909527
794345
917988
487240
202125
143996
244120
420594
123641
773456
227465
171716
785301
925270
629432
205354
801794
199437
786298
860671
350274
491523
773481
519558
543139
302908
814655
497963
631357
388113
911323
896963
489376
861802
241245
711013
702761
984924
943936
501361
768683
739631
772735
135175
546505
517689
930961
869751
606891
595606
465344
295327
857309
472237
206497
115979
715719
462262
422488
638087
278079
975003
608067
942927
252727
725147
868727
455364
314787
774602
384557
876313
271272
297456
728818
815650
997576
226221
889662
741211
910641
870037
247146
663834
539206
605832
714627
320524
820345
707743
689896
878092
339653
367636
635906
911972
890231
957959
348896
738131
300064
602032
960205
711233
620779
310467
834471
735392
292608
742595
844790
512693
886805
311714
868070
553812
154656
261492
205418
334505
300646
335828
491495
720265
902387
702964
870777
400811
586886
343346
416041
806945
966797
167729
315264
797347
226357
660043
614760
627920
911735
576587
963092
547628
628276
683688
880505
274867
307004
404820
451287
713446
966361
292761
865575
590463
889668
606128
631274
436629
508583
320386
988949
279803
117274
622459
608777
449764
586921
722706
139723
454082
612331
355036
558576
897150
257668
665581
881426
183443
576251
739693
769619
220080
814268
533179
358656
626889
591586
103855
266666
682248
210323
569427
528831
833412
528573
934009
469636
861763
107208
593925
673529
102072
473318
867831
892464
126867
901366
950296
608752
268773
481098
827424
584498
124555
975958
334380
594560
450833
890350
498319
516901
723109
750565
988587
294261
443855
551784
969020
592329
675944
754712
106038
132351
364558
882045
729417
590726
284726
842456
756522
346739
373419
569767
320033
645917
756200
454296
709874
307559
713775
542075
671443
119811
352748
204040
676772
823674
939532
812714
247988
191106
102987
147079
390931
112637
353052
329413
217777
290897
864262
653652
535540
841458
440668
542303
304278
235195
821547
606931
860465
284158
453255
397321
823305
250525
563654
843871
263313
352417
633994
314468
792437
548389
175127
238881
696149
212739
503389
967014
233937
966112
825532
741694
690034
120803
222953
121803
260195
308866
878496
348110
766178
684907
335615
539718
589645
164299
677171
815990
785595
276276
264267
578484
430362
639315
310633
369546
433358
977238
189020
725871
460126
121853
787969
605964
898408
147432
500422
724307
448364
181052
563396
975427
956070
157275
103607
495026
449722
788108
847348
531516
479162
723444
134306
508482
257148
827822
486258
177155
467960
181021
618417
948116
363743
766827
473170
360535
736219
528314
157997
477704
569946
367397
848734
165274
737862
169185
356376
777894
129683
871307
749315
608714
162170
161553
822995
568912
646354
957889
277678
186078
225481
331546
941681
692593
938107
867714
813192
267497
946548
235078
844882
364313
530032
773675
453342
962747
144041
623084
593669
642901
550414
680077
973683
832992
474515
984915
554455
725832
468033
565537
167097
199422
329337
397792
113805
444028
749279
262574
620221
921150
684020
158372
392229
377277
380086
390107
535897
157132
447657
269532
207070
310030
163347
770181
251293
716033
927221
278870
662041
382778
779120
468302
673907
179608
508601
540957
346036
310016
313813
112514
335244
231293
485109
686402
379090
268214
120989
155299
391057
476837
325791
269815
309785
693532
649190
516452
406769
903565
442833
685533
688265
615028
939126
980082
582660
120074
146056
526193
911929
240962
580635
650746
730240
126980
590837
547404
878438
805580
444345
874002
979650
988453
213933
761944
624576
620765
665862
717670
437771
168614
944812
342575
461301
582743
251680
586215
377779
484822
965582
359085
160401
342697
434639
856031
820050
186996
821068
794430
161720
930167
218082
562440
228783
382858
595201
312219
951698
994936
152199
975966
405689
784053
107960
494355
321573
461016
572247
101789
140300
553346
153293
143282
525337
670654
303630
608452
210623
627489
762606
130860
854002
877485
268245
871889
956071
894274
469607
855731
331077
523674
523603
601928
322198
419977
769995
840341
811135
526448
886036
864097
249748
657307
739944
224190
858347
802967
570642
582348
814224
950663
465466
745213
113315
974159
950589
816985
909858
566323
167162
616900
279900
552657
775444
303739
863339
366584
742847
410876
709163
836690
477608
597411
397545
574233
910991
155746
508736
250880
153523
685570
827718
221517
901734
604516
790652
707246
652847
903501
897224
422045
664870
595368
947050
104388
185350
433583
370924
150140
440311
561739
553620
815435
118805
363562
103253
389938
682024
947078
635160
268713
207360
702079
687340
894750
864730
234238
884896
445890
264993
145293
398963
979665
919216
632913
953585
610478
674797
369793
390821
783914
433442
138784
173187
222525
473007
767152
485123
929994
544717
267665
371103
622873
487194
481438
310210
355244
238718
537871
675961
768433
894132
478153
843194
200890
518631
543544
322925
669215
831002
771915
643803
652117
111472
251856
261032
565064
329548
827824
292654
764848
607819
939697
719819
957188
185766
642608
906559
118948
259149
332929
972047
573959
946177
325161
441165
791433
925802
126275
740141
974766
779347
296002
779659
163091
240452
512928
533897
574361
226371
785754
342538
464880
179870
446908
308448
268000
307155
372525
779821
494989
344688
257301
141770
589053
566375
106515
249727
170904
354925
159268
404499
638534
576737
127971
515644
296914
138776
985527
380904
248141
909535
107262
645668
355302
255053
780547
803349
721286
233720
709045
473961
150675
992539
581019
205483
221411
332530
421753
383405
915983
598634
688049
874417
286829
338422
242674
154006
992415
355493
911306
463866
771162
368689
956815
912605
650526
104110
699888
590659
888182
863793
210322
850474
106123
672584
465423
156023
523978
289079
499424
113715
338627
371316
391529
835370
551976
675048
628035
364797
764895
106310
239806
403656
452173
696293
276364
385888
375737
144908
856184
896018
771979
265609
207805
364210
205401
281946
696595
219453
117594
136117
233069
211744
475424
398057
383029
306139
749809
592610
306611
596065
943378
735012
300836
958404
935741
905818
121162
305065
269504
541920
482440
534144
819509
415941
139091
545102
652793
946715
304992
959255
422951
819070
721244
322977
376599
890725
597429
797397
360322
443375
282415
527775
816686
357562
795857
293010
684183
750463
436386
376137
701362
458742
340298
270738
322460
297201
488060
232338
389468
627162
126137
439063
658061
726238
355454
484291
587477
345084
560960
322766
268470
224488
838219
730424
952339
456645
439581
934553
766772
661320
361292
112635
960075
451502
564179
296035
773437
752208
682260
138117
790226
796151
230623
359410
769351
493521
706490
798492
481708
321054
164480
903646
988300
838923
471031
425147
238954
317224
733157
450032
124799
827031
239457
878706
900370
874540
785761
956652
654819
693956
795803
970130
739912
236918
573156
633513
292359
717155
886692
756005
543364
918834
800669
436669
714481
816509
166494
286978
794150
938712
849733
434498
127594
235952
294297
964990
777321
278945
298461
568244
234028
114264
368531
813160
817772
357453
613935
128800
178677
132955
624168
411650
552792
640452
300941
350285
523350
917049
173537
241326
614710
872154
794460
294324
188358
354256
204433
414984
679053
998058
849688
829076
646712
466407
499123
804533
685410
426791
625066
558531
614435
624195
457235
976194
625624
443280
697226
776495
379788
804232
970205
880832
903715
606589
538598
745790
828103
886696
381984
762208
309520
305492
408877
369471
161810
496714
755190
995470
497722
560554
200347
964775
763027
442352
417303
873801
943029
328164
358800
652224
772405
884193
106019
148773
127304
788210
309616
627931
722717
449195
896892
536532
911268
693188
124404
166311
161641
941754
194540
177442
294611
374065
568583
542775
870479
609083
718029
428345
986718
280394
862607
856365
632668
862852
859979
942586
510963
784311
528580
795160
287244
649654
248103
613304
677717
907696
815201
380872
749843
142130
673352
445598
269683
378598
919750
233973
197019
179888
229522
695819
834531
500846
384469
932221
136167
334483
170072
395140
119789
921287
189489
962571
423355
155704
530774
936000
113160
296558
360106
471053
765412
473342
535935
551876
399258
355496
803068
102777
140330
715315
291284
340915
233117
311162
372886
687203
882841
597990
563991
250748
174664
254778
403986
349159
332005
984211
257892
868335
771419
847171
870691
129146
463606
138049
719118
806533
306440
840549
836083
941753
307183
410930
540724
355374
360154
815550
468548
672302
596519
506286
518621
185455
322685
771999
182742
788168
718266
282033
853282
481211
430019
874058
386613
361965
248575
804696
814253
153092
613683
812353
800581
800860
601410
873369
669734
354078
234208
837381
915007
397585
556691
297884
345948
221565
278076
321031
664116
500412
729423
606552
999904
901766
384282
802308
327700
241837
629500
823649
320123
329664
979742
